1   2606            32.13
2   1477            18.21
3   1007            12.42
a	192666	        11.107
e	176252	        10.160
4   731             9.01
5   656             8.09
o	128009	         7.379
6   521              6.42
s	101317	         5.841
7   456              5.62
r	 89243	         5.145
n	 87585	         5.049
i	 86284	         4.974
l	 83524	         4.815
8    356             4.39
d	 67215	         3.875
9    300             3.70
u	 57662	         3.324
t	 53937	         3.109
c	 52346	         3.018
m	 36500	         2.104
p	 33970	         1.958
b	 26658	         1.537
.	 26079	         1.503
.	 24447	         1.409
q	 17773	         1.025
v	 15491	         0.893
g	 15202	         0.876
h	 13796	         0.795
y	 13619	         0.785
f	  8454	         0.487
j	  6428	         0.371
z	  5549	         0.320
;	  3658	         0.211
ñ	  3501	         0.202
x	  1224	         0.071
:	   941	         0.054
k	    59	         0.003
w	    20	         0.001
